H 500 300
 0 0 499
 6 0 499
 11 0 499
 15 0 499
 19 0 499
 26 0 499
 30 0 499
 36 0 499
 40 0 499
 46 0 499
 52 0 499
 56 0 499
 61 0 499
 67 0 499
 71 0 499
 77 0 499
 81 0 499
 87 0 499
 92 0 499
 97 0 499
 102 0 499
 108 0 499
 113 0 499
 117 0 499
 121 0 499
 127 0 499
 133 0 499
 138 0 499
 142 0 499
 148 0 499
 154 0 499
 159 0 499
 163 0 499
 169 0 499
 173 0 499
 179 0 499
 184 0 499
 188 0 499
 194 0 499
 199 0 499
 205 0 499
 209 0 499
 215 0 499
 219 0 499
 224 0 499
 230 0 499
 235 0 499
 240 0 499
 244 0 499
 255 0 499
 0 0 499
 6 0 499
 11 0 499
 15 0 499
 19 0 499
 26 0 499
 30 0 499
 36 0 499
 40 0 499
 46 0 499
 52 0 499
 56 0 499
 61 0 499
 67 0 499
 71 0 499
 77 0 499
 81 0 499
 87 0 499
 92 0 499
 97 0 499
 102 0 499
 108 0 499
 113 0 499
 117 0 499
 121 0 499
 127 0 499
 133 0 499
 138 0 499
 142 0 499
 148 0 499
 154 0 499
 159 0 499
 163 0 499
 169 0 499
 173 0 499
 179 0 499
 184 0 499
 188 0 499
 194 0 499
 199 0 499
 205 0 499
 209 0 499
 215 0 499
 219 0 499
 224 0 499
 230 0 499
 235 0 499
 240 0 499
 244 0 499
 255 0 499
 0 0 499
 6 0 499
 11 0 499
 15 0 499
 19 0 499
 26 0 499
 30 0 499
 36 0 499
 40 0 499
 46 0 499
 52 0 499
 56 0 499
 61 0 499
 67 0 499
 71 0 499
 77 0 499
 81 0 499
 87 0 499
 92 0 499
 97 0 499
 102 0 499
 108 0 499
 113 0 499
 117 0 499
 121 0 499
 127 0 499
 133 0 499
 138 0 499
 142 0 499
 148 0 499
 154 0 499
 159 0 499
 163 0 499
 169 0 499
 173 0 499
 179 0 499
 184 0 499
 188 0 499
 194 0 499
 199 0 499
 205 0 499
 209 0 499
 215 0 499
 219 0 499
 224 0 499
 230 0 499
 235 0 499
 240 0 499
 244 0 499
 255 0 499
 0 0 499
 6 0 499
 11 0 499
 15 0 499
 19 0 499
 26 0 499
 30 0 499
 36 0 499
 40 0 499
 46 0 499
 52 0 499
 56 0 499
 61 0 499
 67 0 499
 71 0 499
 77 0 499
 81 0 499
 87 0 499
 92 0 499
 97 0 499
 102 0 499
 108 0 499
 113 0 499
 117 0 499
 121 0 499
 127 0 499
 133 0 499
 138 0 499
 142 0 499
 148 0 499
 154 0 499
 159 0 499
 163 0 499
 169 0 499
 173 0 499
 179 0 499
 184 0 499
 188 0 499
 194 0 499
 199 0 499
 205 0 499
 209 0 499
 215 0 499
 219 0 499
 224 0 499
 230 0 499
 235 0 499
 240 0 499
 244 0 499
 255 0 499
 0 0 499
 6 0 499
 11 0 499
 15 0 499
 19 0 499
 26 0 499
 30 0 499
 36 0 499
 40 0 499
 46 0 499
 52 0 499
 56 0 499
 61 0 499
 67 0 499
 71 0 499
 77 0 499
 81 0 499
 87 0 499
 92 0 499
 97 0 499
 102 0 499
 108 0 499
 113 0 499
 117 0 499
 121 0 499
 127 0 499
 133 0 499
 138 0 499
 142 0 499
 148 0 499
 154 0 499
 159 0 499
 163 0 499
 169 0 499
 173 0 499
 179 0 499
 184 0 499
 188 0 499
 194 0 499
 199 0 499
 205 0 499
 209 0 499
 215 0 499
 219 0 499
 224 0 499
 230 0 499
 235 0 499
 240 0 499
 244 0 499
 255 0 499
 0 0 499
 6 0 499
 11 0 499
 15 0 499
 19 0 499
 26 0 499
 30 0 499
 36 0 499
 40 0 499
 46 0 499
 52 0 499
 56 0 499
 61 0 499
 67 0 499
 71 0 499
 77 0 499
 81 0 499
 87 0 499
 92 0 499
 97 0 499
 102 0 499
 108 0 499
 113 0 499
 117 0 499
 121 0 499
 127 0 499
 133 0 499
 138 0 499
 142 0 499
 148 0 499
 154 0 499
 159 0 499
 163 0 499
 169 0 499
 173 0 499
 179 0 499
 184 0 499
 188 0 499
 194 0 499
 199 0 499
 205 0 499
 209 0 499
 215 0 499
 219 0 499
 224 0 499
 230 0 499
 235 0 499
 240 0 499
 244 0 499
 251 0 499
