V 1188 656
 255 0 655
 255 0 655
 255 0 655
 255 0 655
 255 0 655
 255 0 655
 255 0 655
 255 0 655
 255 0 655
 255 0 655
 255 0 655
 255 0 655
 255 0 655
 255 0 655
 255 0 655
 255 0 655
 255 0 655
 255 0 655
 255 0 655
 255 0 655
 255 0 655
 255 0 655
 255 0 655
 255 0 655
 255 0 655
 255 0 655
 255 0 655
 255 0 655
 255 0 655
 255 0 655
 255 0 655
 255 0 655
 255 0 655
 255 0 655
 255 0 655
 255 0 655
 255 0 655
 255 0 655
 255 0 655
 255 0 655
 255 0 655
 255 0 655
 255 0 655
 255 0 655
 255 0 655
 255 0 655
 255 0 655
 255 0 655
 255 0 655
 255 0 655
 255 0 655
 255 0 655
 255 0 655
 255 0 655
 255 0 655
 255 0 655
 255 0 655
 255 0 655
 255 0 655
 255 0 655
 255 0 655
 255 0 655
 255 0 655
 255 0 655
 255 0 655
 255 0 655
 255 0 655
 255 0 655
 255 0 655
 255 0 655
 255 0 655
 255 0 655
 255 0 655
 255 0 655
 255 0 655
 255 0 655
 255 0 655
 255 0 655
 255 0 655
 255 0 655
 255 0 655
 255 0 655
 255 0 655
 255 0 655
 255 0 655
 255 0 655
 255 0 655
 255 0 655
 255 0 655
 255 0 655
 255 0 655
 255 0 655
 255 0 655
 255 0 655
 255 0 655
 255 0 655
 255 0 655
 255 0 655
 255 0 655
 255 0 655
 255 0 655
 255 0 655
 255 0 655
 255 0 655
 255 0 655
 255 0 655
 255 0 655
 255 0 655
 255 0 655
 255 0 655
 255 0 655
 255 0 655
 255 0 655
 255 0 655
 255 0 655
 255 0 655
 255 0 655
 255 0 655
 255 0 655
 255 0 655
 255 0 655
 255 0 655
 255 0 655
 255 0 655
 255 0 655
 255 0 655
 255 0 655
 255 0 655
 255 0 655
 255 0 655
 255 0 655
 255 0 655
 255 0 655
 255 0 655
 255 0 655
 255 0 655
 255 0 655
 255 0 655
 255 0 655
 255 0 655
 254 0 655
 254 0 655
 251 0 655
 228 0 655
 226 0 655
 226 0 655
 227 0 655
 227 0 655
 227 0 655
 227 0 655
 227 0 655
 227 0 655
 227 0 655
 227 0 655
 227 0 655
 227 0 655
 227 0 655
 227 0 655
 227 0 655
 227 0 655
 227 0 655
 227 0 655
 227 0 655
 227 0 655
 227 0 655
 227 0 655
 227 0 655
 227 0 655
 227 0 655
 227 0 655
 227 0 655
 227 0 655
 227 0 655
 227 0 655
 227 0 655
 227 0 655
 227 0 655
 227 0 655
 227 0 655
 227 0 655
 227 0 655
 227 0 655
 227 0 655
 227 0 655
 227 0 655
 227 0 655
 227 0 655
 227 0 655
 227 0 655
 227 0 655
 227 0 655
 227 0 655
 227 0 655
 227 0 655
 227 0 655
 227 0 655
 227 0 655
 227 0 655
 227 0 655
 227 0 655
 227 0 655
 227 0 655
 227 0 655
 227 0 655
 227 0 655
 227 0 655
 227 0 655
 227 0 655
 227 0 655
 227 0 655
 227 0 655
 227 0 655
 227 0 655
 227 0 655
 227 0 655
 227 0 655
 227 0 655
 227 0 655
 227 0 655
 227 0 655
 227 0 655
 227 0 655
 227 0 655
 227 0 655
 227 0 655
 227 0 655
 227 0 655
 227 0 655
 227 0 655
 227 0 655
 227 0 655
 227 0 655
 227 0 655
 227 0 655
 227 0 655
 227 0 655
 227 0 655
 227 0 655
 227 0 655
 227 0 655
 227 0 655
 227 0 655
 227 0 655
 227 0 655
 227 0 655
 227 0 655
 227 0 655
 227 0 655
 227 0 655
 227 0 655
 227 0 655
 227 0 655
 227 0 655
 227 0 655
 227 0 655
 227 0 655
 227 0 655
 227 0 655
 227 0 655
 227 0 655
 227 0 655
 227 0 655
 227 0 655
 227 0 655
 227 0 655
 227 0 655
 227 0 655
 227 0 655
 227 0 655
 227 0 655
 227 0 655
 227 0 655
 227 0 655
 227 0 655
 227 0 655
 227 0 655
 227 0 655
 227 0 655
 227 0 655
 227 0 655
 227 0 655
 227 0 655
 227 0 655
 227 0 655
 227 0 655
 227 0 655
 227 0 655
 227 0 655
 227 0 655
 227 0 655
 227 0 655
 226 0 655
 226 0 655
 222 0 655
 180 0 655
 178 0 655
 177 0 655
 177 0 655
 177 0 655
 177 0 655
 177 0 655
 177 0 655
 177 0 655
 177 0 655
 177 0 655
 177 0 655
 177 0 655
 177 0 655
 177 0 655
 177 0 655
 177 0 655
 177 0 655
 177 0 655
 177 0 655
 177 0 655
 177 0 655
 177 0 655
 177 0 655
 177 0 655
 177 0 655
 177 0 655
 177 0 655
 177 0 655
 177 0 655
 177 0 655
 177 0 655
 177 0 655
 177 0 655
 177 0 655
 177 0 655
 177 0 655
 177 0 655
 177 0 655
 177 0 655
 177 0 655
 177 0 655
 177 0 655
 177 0 655
 177 0 655
 177 0 655
 177 0 655
 177 0 655
 177 0 655
 177 0 655
 177 0 655
 177 0 655
 177 0 655
 177 0 655
 177 0 655
 177 0 655
 177 0 655
 177 0 655
 177 0 655
 177 0 655
 177 0 655
 177 0 655
 177 0 655
 177 0 655
 177 0 655
 177 0 655
 177 0 655
 177 0 655
 177 0 655
 177 0 655
 177 0 655
 177 0 655
 177 0 655
 177 0 655
 177 0 655
 177 0 655
 177 0 655
 177 0 655
 177 0 655
 177 0 655
 177 0 655
 177 0 655
 177 0 655
 177 0 655
 177 0 655
 177 0 655
 177 0 655
 177 0 655
 177 0 655
 177 0 655
 177 0 655
 177 0 655
 177 0 655
 177 0 655
 177 0 655
 177 0 655
 177 0 655
 177 0 655
 177 0 655
 177 0 655
 177 0 655
 177 0 655
 177 0 655
 177 0 655
 177 0 655
 177 0 655
 177 0 655
 177 0 655
 177 0 655
 177 0 655
 177 0 655
 177 0 655
 177 0 655
 177 0 655
 177 0 655
 177 0 655
 177 0 655
 177 0 655
 177 0 655
 177 0 655
 177 0 655
 177 0 655
 177 0 655
 177 0 655
 177 0 655
 177 0 655
 177 0 655
 177 0 655
 177 0 655
 177 0 655
 177 0 655
 177 0 655
 177 0 655
 177 0 655
 177 0 655
 177 0 655
 177 0 655
 177 0 655
 177 0 655
 177 0 655
 177 0 655
 177 0 655
 177 0 655
 177 0 655
 177 0 655
 177 0 655
 177 0 655
 177 0 655
 177 0 655
 177 0 655
 175 0 655
 152 0 655
 151 0 655
 150 0 655
 150 0 655
 150 0 655
 150 0 655
 150 0 655
 150 0 655
 150 0 655
 150 0 655
 150 0 655
 150 0 655
 150 0 655
 150 0 655
 150 0 655
 150 0 655
 150 0 655
 150 0 655
 150 0 655
 150 0 655
 150 0 655
 150 0 655
 150 0 655
 150 0 655
 150 0 655
 150 0 655
 150 0 655
 150 0 655
 150 0 655
 150 0 655
 150 0 655
 150 0 655
 150 0 655
 150 0 655
 150 0 655
 150 0 655
 150 0 655
 150 0 655
 150 0 655
 150 0 655
 150 0 655
 150 0 655
 150 0 655
 150 0 655
 150 0 655
 150 0 655
 150 0 655
 150 0 655
 150 0 655
 150 0 655
 150 0 655
 150 0 655
 150 0 655
 150 0 655
 150 0 655
 150 0 655
 150 0 655
 150 0 655
 150 0 655
 150 0 655
 150 0 655
 150 0 655
 150 0 655
 150 0 655
 150 0 655
 150 0 655
 150 0 655
 150 0 655
 150 0 655
 150 0 655
 150 0 655
 150 0 655
 150 0 655
 150 0 655
 150 0 655
 150 0 655
 150 0 655
 150 0 655
 150 0 655
 150 0 655
 150 0 655
 150 0 655
 150 0 655
 150 0 655
 150 0 655
 150 0 655
 150 0 655
 150 0 655
 150 0 655
 150 0 655
 150 0 655
 150 0 655
 150 0 655
 150 0 655
 150 0 655
 150 0 655
 150 0 655
 150 0 655
 150 0 655
 150 0 655
 150 0 655
 150 0 655
 150 0 655
 150 0 655
 150 0 655
 150 0 655
 150 0 655
 150 0 655
 150 0 655
 150 0 655
 150 0 655
 150 0 655
 150 0 655
 150 0 655
 150 0 655
 150 0 655
 150 0 655
 150 0 655
 150 0 655
 150 0 655
 150 0 655
 150 0 655
 150 0 655
 150 0 655
 150 0 655
 150 0 655
 150 0 655
 150 0 655
 150 0 655
 150 0 655
 150 0 655
 150 0 655
 150 0 655
 150 0 655
 150 0 655
 150 0 655
 150 0 655
 150 0 655
 150 0 655
 150 0 655
 150 0 655
 150 0 655
 150 0 655
 150 0 655
 150 0 655
 150 0 655
 150 0 655
 150 0 655
 150 0 655
 151 0 655
 160 0 655
 94 0 655
 104 0 655
 104 0 655
 104 0 655
 104 0 655
 104 0 655
 104 0 655
 104 0 655
 104 0 655
 104 0 655
 104 0 655
 104 0 655
 104 0 655
 104 0 655
 104 0 655
 104 0 655
 104 0 655
 104 0 655
 104 0 655
 104 0 655
 104 0 655
 104 0 655
 104 0 655
 104 0 655
 104 0 655
 104 0 655
 104 0 655
 104 0 655
 104 0 655
 104 0 655
 104 0 655
 104 0 655
 104 0 655
 104 0 655
 104 0 655
 104 0 655
 104 0 655
 104 0 655
 104 0 655
 104 0 655
 104 0 655
 104 0 655
 104 0 655
 104 0 655
 104 0 655
 104 0 655
 104 0 655
 104 0 655
 104 0 655
 104 0 655
 104 0 655
 104 0 655
 104 0 655
 104 0 655
 104 0 655
 104 0 655
 104 0 655
 104 0 655
 104 0 655
 104 0 655
 104 0 655
 104 0 655
 104 0 655
 104 0 655
 104 0 655
 104 0 655
 104 0 655
 104 0 655
 104 0 655
 104 0 655
 104 0 655
 104 0 655
 104 0 655
 104 0 655
 104 0 655
 104 0 655
 104 0 655
 104 0 655
 104 0 655
 104 0 655
 104 0 655
 104 0 655
 104 0 655
 104 0 655
 104 0 655
 104 0 655
 104 0 655
 104 0 655
 104 0 655
 104 0 655
 104 0 655
 104 0 655
 104 0 655
 104 0 655
 104 0 655
 104 0 655
 104 0 655
 104 0 655
 104 0 655
 104 0 655
 104 0 655
 104 0 655
 104 0 655
 104 0 655
 104 0 655
 104 0 655
 104 0 655
 104 0 655
 104 0 655
 104 0 655
 104 0 655
 104 0 655
 104 0 655
 104 0 655
 104 0 655
 104 0 655
 104 0 655
 104 0 655
 104 0 655
 104 0 655
 104 0 655
 104 0 655
 104 0 655
 104 0 655
 104 0 655
 104 0 655
 104 0 655
 104 0 655
 104 0 655
 104 0 655
 104 0 655
 104 0 655
 104 0 655
 104 0 655
 104 0 655
 104 0 655
 104 0 655
 104 0 655
 104 0 655
 104 0 655
 104 0 655
 104 0 655
 104 0 655
 104 0 655
 104 0 655
 104 0 655
 104 0 655
 104 0 655
 104 0 655
 104 0 655
 101 0 655
 80 0 655
 77 0 655
 76 0 655
 76 0 655
 76 0 655
 76 0 655
 76 0 655
 76 0 655
 76 0 655
 76 0 655
 76 0 655
 76 0 655
 76 0 655
 76 0 655
 76 0 655
 76 0 655
 76 0 655
 76 0 655
 76 0 655
 76 0 655
 76 0 655
 76 0 655
 76 0 655
 76 0 655
 76 0 655
 76 0 655
 76 0 655
 76 0 655
 76 0 655
 76 0 655
 76 0 655
 76 0 655
 76 0 655
 76 0 655
 76 0 655
 76 0 655
 76 0 655
 76 0 655
 76 0 655
 76 0 655
 76 0 655
 76 0 655
 76 0 655
 76 0 655
 76 0 655
 76 0 655
 76 0 655
 76 0 655
 76 0 655
 76 0 655
 76 0 655
 76 0 655
 76 0 655
 76 0 655
 76 0 655
 76 0 655
 76 0 655
 76 0 655
 76 0 655
 76 0 655
 76 0 655
 76 0 655
 76 0 655
 76 0 655
 76 0 655
 76 0 655
 76 0 655
 76 0 655
 76 0 655
 76 0 655
 76 0 655
 76 0 655
 76 0 655
 76 0 655
 76 0 655
 76 0 655
 76 0 655
 76 0 655
 76 0 655
 76 0 655
 76 0 655
 76 0 655
 76 0 655
 76 0 655
 76 0 655
 76 0 655
 76 0 655
 76 0 655
 76 0 655
 76 0 655
 76 0 655
 76 0 655
 76 0 655
 76 0 655
 76 0 655
 76 0 655
 76 0 655
 76 0 655
 76 0 655
 76 0 655
 76 0 655
 76 0 655
 76 0 655
 76 0 655
 76 0 655
 76 0 655
 76 0 655
 76 0 655
 76 0 655
 76 0 655
 76 0 655
 76 0 655
 76 0 655
 76 0 655
 76 0 655
 76 0 655
 76 0 655
 76 0 655
 76 0 655
 76 0 655
 76 0 655
 76 0 655
 76 0 655
 76 0 655
 76 0 655
 76 0 655
 76 0 655
 76 0 655
 76 0 655
 76 0 655
 76 0 655
 76 0 655
 76 0 655
 76 0 655
 76 0 655
 76 0 655
 76 0 655
 76 0 655
 76 0 655
 76 0 655
 76 0 655
 76 0 655
 76 0 655
 76 0 655
 76 0 655
 76 0 655
 76 0 655
 76 0 655
 76 0 655
 77 0 655
 75 0 655
 33 0 655
 29 0 655
 28 0 655
 28 0 655
 28 0 655
 28 0 655
 28 0 655
 28 0 655
 28 0 655
 28 0 655
 28 0 655
 28 0 655
 28 0 655
 28 0 655
 28 0 655
 28 0 655
 28 0 655
 28 0 655
 28 0 655
 28 0 655
 28 0 655
 28 0 655
 28 0 655
 28 0 655
 28 0 655
 28 0 655
 28 0 655
 28 0 655
 28 0 655
 28 0 655
 28 0 655
 28 0 655
 28 0 655
 28 0 655
 28 0 655
 28 0 655
 28 0 655
 28 0 655
 28 0 655
 28 0 655
 28 0 655
 28 0 655
 28 0 655
 28 0 655
 28 0 655
 28 0 655
 28 0 655
 28 0 655
 28 0 655
 28 0 655
 28 0 655
 28 0 655
 28 0 655
 28 0 655
 28 0 655
 28 0 655
 28 0 655
 28 0 655
 28 0 655
 28 0 655
 28 0 655
 28 0 655
 28 0 655
 28 0 655
 28 0 655
 28 0 655
 28 0 655
 28 0 655
 28 0 655
 28 0 655
 28 0 655
 28 0 655
 28 0 655
 28 0 655
 28 0 655
 28 0 655
 28 0 655
 28 0 655
 28 0 655
 28 0 655
 28 0 655
 28 0 655
 28 0 655
 28 0 655
 28 0 655
 28 0 655
 28 0 655
 28 0 655
 28 0 655
 28 0 655
 28 0 655
 28 0 655
 28 0 655
 28 0 655
 28 0 655
 28 0 655
 28 0 655
 28 0 655
 28 0 655
 28 0 655
 28 0 655
 28 0 655
 28 0 655
 28 0 655
 28 0 655
 28 0 655
 28 0 655
 28 0 655
 28 0 655
 28 0 655
 28 0 655
 28 0 655
 28 0 655
 28 0 655
 28 0 655
 28 0 655
 28 0 655
 28 0 655
 28 0 655
 28 0 655
 28 0 655
 28 0 655
 28 0 655
 28 0 655
 28 0 655
 28 0 655
 28 0 655
 28 0 655
 28 0 655
 28 0 655
 28 0 655
 28 0 655
 28 0 655
 28 0 655
 28 0 655
 28 0 655
 28 0 655
 28 0 655
 28 0 655
 28 0 655
 28 0 655
 28 0 655
 28 0 655
 28 0 655
 28 0 655
 28 0 655
 28 0 655
 28 0 655
 28 0 655
 28 0 655
 26 0 655
 4 0 655
 0 0 655
 0 0 655
 0 0 655
 0 0 655
 0 0 655
 0 0 655
 0 0 655
 0 0 655
 0 0 655
 0 0 655
 0 0 655
 0 0 655
 0 0 655
 0 0 655
 0 0 655
 0 0 655
 0 0 655
 0 0 655
 0 0 655
 0 0 655
 0 0 655
 0 0 655
 0 0 655
 0 0 655
 0 0 655
 0 0 655
 0 0 655
 0 0 655
 0 0 655
 0 0 655
 0 0 655
 0 0 655
 0 0 655
 0 0 655
 0 0 655
 0 0 655
 0 0 655
 0 0 655
 0 0 655
 0 0 655
 0 0 655
 0 0 655
 0 0 655
 0 0 655
 0 0 655
 0 0 655
 0 0 655
 0 0 655
 0 0 655
 0 0 655
 0 0 655
 0 0 655
 0 0 655
 0 0 655
 0 0 655
 0 0 655
 0 0 655
 0 0 655
 0 0 655
 0 0 655
 0 0 655
 0 0 655
 0 0 655
 0 0 655
 0 0 655
 0 0 655
 0 0 655
 0 0 655
 0 0 655
 0 0 655
 0 0 655
 0 0 655
 0 0 655
 0 0 655
 0 0 655
 0 0 655
 0 0 655
 0 0 655
 0 0 655
 0 0 655
 0 0 655
 0 0 655
 0 0 655
 0 0 655
 0 0 655
 0 0 655
 0 0 655
 0 0 655
 0 0 655
 0 0 655
 0 0 655
 0 0 655
 0 0 655
 0 0 655
 0 0 655
 0 0 655
 0 0 655
 0 0 655
 0 0 655
 0 0 655
 0 0 655
 0 0 655
 0 0 655
 0 0 655
 0 0 655
 0 0 655
 0 0 655
 0 0 655
 0 0 655
 0 0 655
 0 0 655
 0 0 655
 0 0 655
 0 0 655
 0 0 655
 0 0 655
 0 0 655
 0 0 655
 0 0 655
 0 0 655
 0 0 655
 0 0 655
 0 0 655
 0 0 655
 0 0 655
 0 0 655
 0 0 655
 0 0 655
 0 0 655
 0 0 655
 0 0 655
 0 0 655
 0 0 655
 0 0 655
 0 0 655
 0 0 655
 0 0 655
 0 0 655
